cam0:
  cam_overlaps: [1]
  camera_model: pinhole
  intrinsics: [262.5, 262.5, 159.75, 119.75]
  resolution: [320, 240]
  rostopic: pepper_robot/camera/depth/image_raw
cam1:
  T_cn_cnm1:
  - [0.9999972565, 0.0023120672, 0.0003760081, -0.1100738081]
  - [-0.0023171357, 0.9998980485, 0.0140898358, 0.0003991215]
  - [-0.0003433931, -0.0140906685, 0.9999006626, -0.0008537025]
  - [0.0, 0.0, 0.0, 1.0]
  cam_overlaps: [0]
  camera_model: pinhole
  distortion_coeffs: [-0.0870160932911717, 0.128210165050533, 0.003379500659424, -0.00106205540818586]
  distortion_model: plumb_bob
  intrinsics: [274.1395, 275.7418, 141.1844, 106.69377]
  resolution: [320, 240]
  rostopic: pepper_robot/camera/front/image_raw
