image: empty.pgm
resolution: 0.0200000
origin: [-10.480000, -10.480000, 0.000000]
negate: 0
occupied_thresh: 0.65
free_thresh: 0.15 #0.196

