image_width: 2560
image_height: 1920
camera_name: narrow_stereo
camera_matrix:
  rows: 3
  cols: 3
  data: [2502.542141, 0.000000, 1211.677174, 0.000000, 2516.929988, 969.209338, 0.000000, 0.000000, 1.000000]
distortion_model: plumb_bob
distortion_coefficients:
  rows: 1
  cols: 5
  data: [0.137636, -0.411511, 0.004927, -0.019067, 0.000000]
rectification_matrix:
  rows: 3
  cols: 3
  data: [1.000000, 0.000000, 0.000000, 0.000000, 1.000000, 0.000000, 0.000000, 0.000000, 1.000000]
projection_matrix:
  rows: 3
  cols: 4
  data: [2506.987305, 0.000000, 1168.860946, 0.000000, 0.000000, 2568.505127, 975.705997, 0.000000, 0.000000, 0.000000, 1.000000, 0.000000]
