image_width: 1280
image_height: 960
camera_name: narrow_stereo
camera_matrix:
  rows: 3
  cols: 3
  data: [1366.819759, 0.000000, 789.032173, 0.000000, 1347.814229, 500.204953, 0.000000, 0.000000, 1.000000]
distortion_model: plumb_bob
distortion_coefficients:
  rows: 1
  cols: 5
  data: [0.146782, -0.015772, 0.001899, 0.041741, 0.000000]
rectification_matrix:
  rows: 3
  cols: 3
  data: [1.000000, 0.000000, 0.000000, 0.000000, 1.000000, 0.000000, 0.000000, 0.000000, 1.000000]
projection_matrix:
  rows: 3
  cols: 4
  data: [1396.059814, 0.000000, 819.401753, 0.000000, 0.000000, 1427.774292, 500.763025, 0.000000, 0.000000, 0.000000, 1.000000, 0.000000]
