image_width: 320
image_height: 240
camera_name: narrow_stereo
camera_matrix:
  rows: 3
  cols: 3
  data: [287.152216, 0.000000, 160.949433, 0.000000, 287.304049, 127.361629, 0.000000, 0.000000, 1.000000]
distortion_model: plumb_bob
distortion_coefficients:
  rows: 1
  cols: 5
  data: [0.001289, -0.041293, -0.000706, -0.002303, 0.000000]
rectification_matrix:
  rows: 3
  cols: 3
  data: [1.000000, 0.000000, 0.000000, 0.000000, 1.000000, 0.000000, 0.000000, 0.000000, 1.000000]
projection_matrix:
  rows: 3
  cols: 4
  data: [286.118744, 0.000000, 160.333699, 0.000000, 0.000000, 287.131134, 127.289316, 0.000000, 0.000000, 0.000000, 1.000000, 0.000000]
