# oST version 5.0 parameters


[image]

width
1280

height
960

[narrow_stereo]

camera matrix
1366.819759 0.000000 789.032173
0.000000 1347.814229 500.204953
0.000000 0.000000 1.000000

distortion
0.146782 -0.015772 0.001899 0.041741 0.000000

rectification
1.000000 0.000000 0.000000
0.000000 1.000000 0.000000
0.000000 0.000000 1.000000

projection
1396.059814 0.000000 819.401753 0.000000
0.000000 1427.774292 500.763025 0.000000
0.000000 0.000000 1.000000 0.000000

