From rosbag asl_lap.bag 
 frame_id: "CameraBottom_optical_frame"
height: 240
width: 320
distortion_model: "plumb_bob"
D: [-0.0481869853715082, 0.0201858398559121, 0.0030362056699177, -0.00172241952442813, 0.0]
K: [278.236008818534, 0.0, 156.194471689706, 0.0, 279.380102992049, 126.007123836447, 0.0, 0.0, 1.0]
R: [1.0, 0.0, 0.0, 0.0, 1.0, 0.0, 0.0, 0.0, 1.0]
P: [273.491455078125, 0.0, 155.112454709117, 0.0, 0.0, 275.743133544922, 126.057357467223, 0.0, 0.0, 0.0, 1.0, 0.0]
binning_x: 0
binning_y: 0
roi: 
  x_offset: 0
  y_offset: 0
  height: 0
  width: 0
  do_rectify: False

