image: office_full.pgm
resolution: 0.020000
origin: [-22.160000, -21.520000, 0.000000]
negate: 0
occupied_thresh: 0.65
free_thresh: 0.196

